# GeodSolve: GeographicLib version 2.7, on a sphere of radius 6,371,008.8 m. Generated by scripts/bearings/generate.py; < is input, > is GeodSolve's output.
$ GeodSolve -i -e 6371008.8 0 -p 6
< 10 179.5 10 -179.5
> 89.91317377355 90.08682622645 109505.735199
< 49 -123 50 -123
> 0.00000000000 0.00000000000 111195.080234
< 0 10 0 11
> 90.00000000000 90.00000000000 111195.080234
< 49 -123 48 -123
> 180.00000000000 180.00000000000 111195.080234
< 0 10 0 9
> -90.00000000000 -90.00000000000 111195.080234
< 49.28 -123.12 49.28 -123.12
> 180.00000000000 180.00000000000 0.000000
< 0 0 0 180
> 0.00000000000 180.00000000000 20015114.442036
< 30 0 -29.5 179.5
> 41.08880250211 139.15930929841 19941486.870671
< 90 0 45 30
> 150.00000000000 180.00000000000 5003778.610509
< 49.28 -123.12 49.280009 -123.12
> 0.00000000000 0.00000000000 1.000756
< 0 0 0 90
> 90.00000000000 90.00000000000 10007557.221018
$ GeodSolve -e 6371008.8 0 -p 6
< 49.28 -123.12 45 0
> 49.28000000000 -123.12000000000 45.00000000000
< 10 179.5 90 110000
> 9.99849419556 -179.49548989029 90.17442268368
< 0 0 90 10007557.221
> 0.00000000000 89.99999999984 90.00000000000
< 80 10 0 2000000
> 82.01359272551 -170.00000000000 180.00000000000
$ GeodSolve -i -e 6371008.8 0 -p 6
< -31.6057074 15.9225211 -15.0753827 37.4112139
> 54.81808019574 46.12941021472 2851395.013448
< 14.5627763 -156.4096107 14.1246275 -156.1058885
> 146.07752310111 146.15276736203 58687.351524
< -28.7698167 -95.6408540 82.4321825 -10.7051373
> 8.53124098158 80.88497853776 13102544.998780
< 42.2930586 -8.5128449 42.4182200 -8.8272901
> -61.58568791017 -61.79753963102 29347.928888
< 15.6476842 132.4963106 2.6573236 86.8506682
> -101.37636121215 -109.08484348369 5200272.217261
< 20.0489571 -156.9486822 20.2813643 -156.8666926
> 18.30866559021 18.33692972035 27222.711338
< -23.4197788 -168.8357695 46.9748673 -9.8103281
> 30.32172880942 137.23798328282 16797959.652709
< 25.9539006 136.3726081 26.1466172 136.7515969
> 60.40690028238 60.57333749595 43504.259766
< -12.1266415 108.3271576 -6.3590063 156.8112198
> 87.68380874767 79.39973305422 5352886.905553
< 49.2647779 -144.9164485 48.9371499 -145.1711602
> -152.92698114114 -153.11950959163 40878.509081
< 68.5850029 -22.9817280 14.6726730 -71.6305686
> -124.68278824103 -161.91874263485 6896289.929100
< 0.8300138 -41.0881468 0.6958333 -41.0115801
> 150.29152156890 150.29254106566 17178.047133
< 9.7008258 145.5126375 21.3438562 154.4204164
> 35.29849000761 37.69918215255 1607154.027791
< 45.4632826 176.7562722 45.6174288 176.4530618
> -53.91837332711 -54.13478835942 29179.368343
< 46.1598528 167.2678610 54.0365676 24.8787013
> -21.79794329143 -154.02575777711 8321540.417225
< 25.3175038 -103.9950059 25.6159510 -103.9288268
> 11.30667833681 11.33513458051 33844.362867
< -25.4729594 -157.1541922 45.0630908 176.3301654
> -19.09483007014 -24.71611135185 8291298.398633
< -55.3825930 108.2143157 -55.4631773 107.9000045
> -114.44116304453 -114.18237052383 21764.669531
< -24.3442114 96.7650794 48.2049902 -164.0915780
> 45.99248641470 79.49507460075 12655848.282380
< 13.2420340 -163.8215123 13.4386304 -163.9736536
> -36.96202672721 -36.99713108012 27365.012836
< 49.6240787 173.0288725 0.6211412 179.4632203
> 171.50163859106 174.50619015599 5483248.236921
< -22.3745639 -152.2905463 -22.2847774 -152.7123063
> -77.11963286827 -76.95939071779 44514.938337
< -37.2454150 -33.1429912 12.7639117 -123.7683632
> -80.14406561558 -53.53055126689 10916531.318247
< -66.2239611 132.4004522 -66.3915136 132.8132457
> 135.47792139189 135.09991875414 26216.206331
< 52.4967947 -43.9958738 -4.5414759 7.2262745
> 124.96780801347 149.96876864234 7950588.127131
< 16.7249411 34.4340858 16.7782760 34.5421993
> 62.72753612540 62.75869695093 12949.402508
< 61.7926119 2.5296537 -7.9099695 79.3120508
> 105.34629579675 152.60066462682 10098203.348752
< -31.6499854 -71.6087300 -31.2199678 -71.5897154
> 2.16561680143 2.15570003597 47849.860398
< 5.5584376 -175.8753049 -9.7633603 28.7874770
> -101.28112334359 -82.05969484531 17258297.203803
< -73.7181636 41.6872589 -73.5992012 41.2913313
> -43.30925064588 -42.92931714898 18122.170135
< 14.7547559 -12.1498453 21.0119586 -53.0722861
> -74.71605477828 -87.80780732250 4374248.093455
< 24.4500947 85.6923441 24.0200589 85.2968633
> -139.93556041046 -140.09789958699 62406.233592
< 20.6121794 166.7900089 -29.8516121 -15.7276333
> 166.67500923152 14.40185828558 18957095.039159
< 10.6811745 -64.7908611 10.5587341 -64.9594575
> -126.44476597497 -126.47583726276 22910.224535
< -15.1704861 34.4237421 -23.5276795 -44.2222771
> -110.60899894307 -80.16245276021 8208269.424080
< 32.9937007 -170.3083662 33.0560329 -170.0967103
> 70.58865138137 70.70400458541 20914.481908
< -22.3316144 -99.8863766 37.4172756 -94.0697363
> 5.33300570548 6.21428730058 6671644.791057
< -38.6976993 -23.3156446 -38.5194396 -23.6739871
> -57.63108398045 -57.40747880694 36910.508135
< -20.8589157 -59.8486858 41.8419254 -22.1649363
> 28.65771329521 36.98070273711 7976561.297639
< 45.3220719 -119.0576763 45.1751111 -118.9224671
> 147.01943412255 147.11545548003 19469.906278
< 50.3356222 -17.6032137 -33.3631928 -136.4690431
> -93.18023212400 -130.26554321432 14777685.830446
< 3.3970661 -111.3106299 3.6731656 -111.0060012
> 47.74888292157 47.76766650870 45668.102049
< -39.2590304 -79.7068289 37.9121732 51.0974123
> 75.94521683581 72.18285318306 15789995.066666
< 37.7716263 -55.6981902 37.4383465 -55.8854416
> -155.94831807024 -156.06258206446 40564.446374
< 35.9956514 -82.3771822 -17.8960756 -29.9139495
> 127.99152370713 137.92964448271 8143123.591136
< -9.2334598 -32.5720381 -8.8549087 -32.8816400
> -38.95199103976 -38.90332245217 54108.182552
< -82.1699019 159.5764209 49.4603635 175.2889158
> 13.67586412942 2.84051440110 14664897.482477
< -7.5444535 162.0580199 -7.1598140 161.8079016
> -32.83489663891 -32.80288949855 50893.105411
< 29.4093565 121.2115245 19.0246192 6.8453916
> -61.09498940081 -126.22802892665 11158685.674997
< -24.9556325 -57.2152629 -25.2009128 -57.6040021
> -124.94471078388 -124.77994045019 47714.380893
< 10.2157593 -76.6759762 38.3441639 -163.7723484
> -52.38683241682 -96.28042905722 9053903.161647
< 53.8250610 69.7340186 54.2065303 70.0909291
> 28.65486554141 28.94367194835 48404.320890
< 53.0680454 27.7032254 -76.8331873 88.3073762
> 163.60313832876 131.87234016668 15047910.759496
< -41.0226114 -72.0402953 -40.8760049 -72.0178275
> 6.60996671536 6.59524150815 16410.765008
< -9.9331542 158.0552868 12.9633547 -57.1130433
> 81.53392703012 91.26499643468 16170543.028268
< -29.6730680 130.1992979 -29.6935902 130.4533905
> 95.37420020906 95.24837189454 24652.093333
< -17.2365116 -108.9598781 3.9722939 114.0519050
> -102.42950949102 -69.22006389016 15103154.446180
< -41.1015384 105.0018908 -40.7219485 105.2773367
> 28.82979847904 28.64940894962 48138.407772
< 40.3156088 -177.2983007 14.9048397 130.5196445
> -103.78108447903 -129.97491927496 5761494.255486
< -64.1759885 -82.2970679 -64.3842610 -82.2725283
> 177.08392627364 177.06181786024 23189.131921
< -8.8606592 -9.7559953 33.5727482 -179.3488861
> -19.70782731462 -156.42739981751 17067624.538370
< -62.9150989 -134.3292170 -63.2529353 -134.7176419
> -152.67745022700 -152.33110111976 42349.071713
< 71.6926267 127.6016165 -55.8676833 0.7632024
> -82.46720639079 -146.29051097225 17020078.445493
< -21.6051123 -66.7512719 -21.7389517 -66.6190496
> 137.46983223040 137.42100338576 20203.096396
< 9.9754528 -50.0995492 -38.1582793 -61.6405309
> -168.02889232262 -164.94179553884 5484954.689864
< -48.8065280 19.9893397 -48.6120895 19.8815540
> -20.13302280837 -20.05203559415 23021.720098
< -57.1609852 -115.7197880 -14.6818100 37.5965523
> 153.29824633338 14.58977166948 11655301.254192
< 34.4192139 -43.1047145 34.6902587 -42.9940807
> 18.54958970874 18.61234064647 31796.237853
< -7.8634587 -45.9287481 -0.4409983 73.0370378
> 94.82686771290 80.79167239689 13187550.573975
< -9.1472443 69.8843562 -9.1824884 69.6549312
> -98.86287945171 -98.82633754101 25488.344325
< 4.1101860 70.2608932 -58.9633868 -27.0401236
> -148.96478904642 -85.85751118669 10817369.265566
< -8.5278360 136.6809431 -8.1350003 136.5677553
> -15.92052104214 -15.90412016575 45421.839782
< 52.7222168 104.7300827 -28.4010643 -12.9084429
> -87.31028862109 -136.54410953597 14313916.522053
< -48.9125968 112.7598141 -48.7665361 113.1084233
> 57.65108284729 57.38862501536 30243.846095
< 35.7986645 60.3221676 27.8702165 22.9838237
> -93.41207240346 -113.67000277190 3612496.143257
< -52.5357956 31.5931572 -52.9813845 31.2723237
> -156.58298272298 -156.32756732681 54046.580116
< 33.2715711 -164.0473700 -54.7262499 -144.2521468
> 168.72172393506 163.55157671348 9966737.554767
< 49.5467685 -115.5047022 49.1179072 -115.1973202
> 154.84706846618 155.08022027847 52632.498260
< -49.2384214 123.8195714 20.3081794 121.0255025
> -2.79589338978 -1.94607007315 7738188.912112
< 64.7994058 28.4675108 65.0682783 28.0501532
> -33.14137771204 -33.51942957868 35782.816922
< 32.3328630 4.0772676 25.4876068 -141.5722689
> -33.75325708030 -148.66186750534 12626250.863086
< 29.8631337 156.4424440 29.4681593 156.2842662
> -160.77367653453 -160.85196520375 46502.389505
< 7.3514179 118.1013592 -31.0474571 -115.2819211
> 122.97376621079 76.20391485341 13893367.637784
< -30.0044882 41.7531530 -29.7762993 41.6575100
> -19.99427212075 -19.94660905689 26996.823867
< -15.3703577 -37.2097226 -17.4234328 -29.4416455
> 106.47783008768 104.28153495542 859411.266061
< -56.4577946 0.1114598 -56.0320438 0.0330081
> -5.87858166312 -5.81335487046 47588.879354
< 29.6577499 -122.1766231 22.4375503 92.2017679
> -36.35192418712 -146.13208468735 13154104.428745
< 20.3474114 6.1531476 20.3327602 6.2818053
> 96.90231152621 96.94703189704 13512.627512
< 52.6366137 -126.2421365 -53.9280793 89.3357308
> -107.78656156700 -101.06203250667 17670476.812021
< 56.4318528 6.2113978 56.3806010 6.4084174
> 115.09857432754 115.26268805142 13394.352200
< -38.8863720 -83.7513495 -36.9874679 30.8222335
> 132.97664956045 45.47703168573 9246754.109585
< -21.7344251 -96.3701368 -21.5624060 -95.9620538
> 65.68019742643 65.52965076981 46310.846617
< -24.0963767 73.9199849 -9.9971178 127.3102102
> 84.12746173146 67.23053426295 5851837.776114
< 9.7469257 -83.8175327 9.4927701 -84.2467204
> -120.95404004204 -121.02576222837 54887.226176
< -2.3509766 -42.2099630 -40.9579161 -50.2306717
> -170.41927426686 -167.27892082140 4367718.980483
< -20.8495752 98.7136384 -21.1703261 99.1557346
> 127.93314486985 127.77463877739 58120.645439
< -2.3394795 35.6402310 -3.6633568 120.4602248
> 93.46407571750 87.98712798378 9416540.116929
< 40.0331142 20.5636490 40.0162836 20.7622871
> 96.25005151272 96.37779928187 17017.163991
< 45.5038780 -35.9055686 27.8511974 165.6931938
> -19.60387790988 -164.57617213377 11570900.494853
< -3.7388869 -97.3434567 -3.9775861 -97.1475372
> 140.69182308944 140.67864000693 34306.504328
< 20.5302360 165.1372903 45.0531987 -92.8469506
> 44.04540672201 112.83718188510 9302215.270221
< -38.3711919 -86.8957102 -38.6527248 -86.7114493
> 152.93918712694 152.82445151821 35171.508042
< 45.8230592 143.9136000 -29.3395390 131.4356179
> -168.80746662242 -171.07322982992 8452103.152212
< -21.9110356 -27.6136956 -21.7049640 -27.9863627
> -59.29179718477 -59.15335165547 44779.880506
< -54.5592248 120.2144916 -24.6121267 -51.6020095
> -172.43665491344 -4.81562591511 11176847.240209
< 9.2417294 63.1826502 8.7979247 63.0339720
> -161.68069464794 -161.70400404505 51979.910128
< -7.3284617 -5.0758094 -35.4370019 30.6379422
> 135.89448321887 122.08662737225 4793195.529064
< 65.5987446 -39.2688003 65.6386655 -39.6115412
> -74.08729721856 -74.39947214044 16346.762102
< -26.7743246 59.5558989 -50.7997734 139.3880444
> 135.88363730695 79.51821370103 7043018.757461
< 54.8376997 -145.1139650 55.2348585 -145.2271640
> -9.23007454429 -9.32284339697 44747.289101
< 33.0136275 92.6363981 -24.1377589 63.3193901
> -150.07981738389 -152.72041957430 7073576.865423
< 17.9481823 110.1798002 17.7372149 110.4085709
> 134.05626252265 134.12635916103 33714.247596
< 67.3170263 62.2170180 4.1480906 -139.2134213
> 22.39151788226 171.53032521600 11890667.886682
< -0.7012350 -53.2232021 -0.5049511 -53.0625126
> 39.30508808468 39.30339670116 28206.226944
< 7.6304319 -114.4872764 16.9379339 47.1183984
> 36.41023350604 142.04922866849 16616053.517442
< -39.9255118 140.3709302 -39.7856776 140.0317480
> -61.87098176068 -61.65361465951 32863.697832
< 59.7332467 -129.1016697 -19.6905622 79.3718531
> -39.47603128433 -160.10250050397 15020851.510779
< 11.2368719 19.7725778 11.3696100 19.7345113
> -15.70313325052 -15.71059435118 15332.343206
< -22.0313928 -116.5027579 -59.6332800 77.7007579
> -172.81270558016 -13.26268902567 10842256.667672
< 30.5946393 15.5286453 30.8103142 15.4019454
> -26.76665525275 -26.83134583274 26867.741965
< -27.9245123 -41.9833140 48.1660025 -164.8401024
> -48.89402579856 -93.45569018282 14673674.241548
< 0.5399398 -91.0093348 0.7819510 -91.1406364
> -28.47942921373 -28.48094383655 30615.463099
< -19.5284404 -34.7980103 4.7608110 97.8157373
> 101.35797531346 68.00509441549 14630899.044868
< -17.1114228 124.8781237 -17.4605050 124.6715625
> -150.56415940882 -150.50278126776 44583.336896
< -53.1972474 -139.4334808 33.9152582 81.8241578
> -106.80370886323 -43.71378547847 16138181.430286
< -39.0728603 -111.8989718 -39.1478705 -111.6799861
> 113.88806534936 113.74992549316 20653.167454
< 39.1606074 89.5321507 10.5930777 -127.2703836
> 42.63588340006 147.70365662676 13300670.871860
< -11.7218758 -110.2901587 -11.6970348 -110.2286273
> 67.60025138412 67.58776365335 7246.682429
< -36.5730033 -89.9457862 34.2861184 -169.1685162
> -56.14622415421 -53.82395086779 11365787.083507
< 37.3233781 140.8320408 37.7277686 140.7268725
> -11.62204078030 -11.68610082931 45912.707129
< 6.0394274 29.9004086 15.5027011 171.7116027
> 59.89022568637 116.77983292923 15175189.809099
< 21.9168277 -72.2147310 22.2408374 -72.2290660
> -2.34501184589 -2.35040013506 36058.550709
< 11.6965274 81.6603782 -84.4157677 97.3643341
> 178.48152772435 164.53404210502 10710008.898306
< 18.8974392 -2.9258846 18.9187149 -2.9614045
> -57.65452920283 -57.66603945486 4422.479823
< -37.8159621 10.6372499 -67.8007412 0.1609350
> -172.23224104857 -163.58482603317 3397051.262788
< 16.9727408 -20.0799927 17.0321449 -19.6668730
> 81.38835848072 81.50916033044 44422.913367
< 51.6375830 -131.1883973 35.7854241 44.3800420
> 3.59711309557 177.24871071587 10284507.182796
< -63.9989513 -50.4356344 -64.2388789 -50.8155817
> -145.51681916625 -145.17497885856 32432.089975
< 4.4598252 154.7361267 -20.7177707 133.3838734
> -140.99210463303 -137.86295420697 3642261.903760
< 22.9121590 -131.6315986 23.2346211 -131.5405852
> 14.53851187582 14.57418107411 37045.310586
< 58.6440949 77.7427637 28.6487884 -56.3065678
> -39.30373193895 -157.93927389383 9421102.742699
< 37.8328961 155.4263871 38.1582101 155.3697093
> -7.80036264308 -7.83525365689 36512.675844
< 30.9105239 -5.3993664 -51.4216096 -164.6274383
> -149.21505860387 -44.76437855477 17168454.237886
< -57.5772795 -107.8910055 -57.8825395 -107.8935794
> -179.74315281529 -179.74097647046 33943.754143
< 23.4879350 13.4768500 -8.9619008 53.7272174
> 124.78529881719 130.30999106455 5670634.197767
< -22.9980734 -12.8140887 -22.7666845 -12.9027767
> -19.46654750912 -19.43206193558 27286.357542
< -39.7040259 143.7880621 26.0645866 -47.9042024
> 140.88716688059 32.70375803683 18150103.226034
< -14.9546024 10.5592141 -14.8677756 10.3106764
> -70.15583482846 -70.09188062097 28397.171885
< -84.0423570 -104.7617780 34.4968219 -128.3482186
> -22.15225642061 -2.72185938661 13232916.475060
< -4.5899742 -109.6921666 -4.8516155 -109.9884791
> -131.55294462688 -131.52855792497 43870.990726
< -11.0990378 -119.4207064 -70.9150316 -140.3750326
> -172.33266180972 -156.39548547239 6806552.497810
< -41.5699680 -3.5009475 -41.9662220 -3.9307617
> -141.16956989086 -140.88326077899 56675.072763
< -5.9669035 -33.2125308 24.0094009 -161.5982055
> -64.22759603258 -101.33875753913 14158836.049545
< -11.1508941 -37.2208201 -11.5768972 -36.8018461
> 136.08469479723 136.00213940660 65802.850292
< -34.2066262 -146.0624911 -2.9134857 -120.6867099
> 42.61225896765 34.10019920871 4359992.801707
< 14.1761164 -55.3107282 13.8376674 -55.7140261
> -130.80823390464 -130.90584837181 57528.591641
< 27.0876173 -80.9680179 35.1471689 -12.4545940
> 63.69280383782 102.56184264527 6457826.137095
< 59.9785003 -71.8026643 59.7534758 -72.0134315
> -154.72513417453 -154.90741734127 27649.742887
< 39.0013390 46.4774278 -18.0906744 -146.2622844
> 31.49148261756 154.71870077262 17384387.201886
< 21.3951069 168.9362502 21.4781389 168.4895408
> -78.62564285625 -78.78890331821 47148.511642
< -69.9504680 -147.4076038 -41.2489551 -166.8218418
> -29.59092691418 -13.01268573621 3380788.048879
< -63.1399420 55.5522274 -62.7796713 55.2828470
> -18.89413414681 -18.65419902633 42311.428454
< 71.3867130 -8.3239585 37.3856881 150.2552230
> 17.96831170283 172.88152110341 7801897.436740
< 61.6640461 -167.6837485 61.4882968 -167.5875092
> 165.34861126858 165.43324909153 20195.382893
< 63.2627287 -148.3993910 -24.4017933 125.9660234
> -105.26278084576 -151.53600892124 12202695.945594
< -50.4125333 -39.6491739 -50.5617695 -39.4871310
> 145.42378193960 145.29876863172 20169.272170
< 58.9857080 -117.1328406 28.6585574 84.2223994
> -18.63600073285 -169.18502058763 10071655.448558
< 42.1686038 19.2011575 42.5497565 19.0777004
> -13.41865900031 -13.50184192272 43579.337811
< -9.8200542 -97.4142656 33.9818554 -6.9786027
> 56.45983280192 82.07067104469 10655590.937975
< -27.4571472 -118.8924672 -27.2585811 -118.7973330
> 23.07258106522 23.02886237898 23995.393797
< 24.9137749 -40.7521616 -1.4767991 -124.5998065
> -93.94290408732 -115.16368638566 9456987.051482
< 24.9226609 -171.7366885 24.8928961 -171.5040822
> 97.98157291421 98.07953725331 23691.241702
< 20.7727276 -145.0485278 -31.7125583 123.7157825
> -119.69316520947 -107.29775341664 11313722.286009
< 16.5444826 136.2721626 16.8795148 136.2270765
> -7.33780033709 -7.35076540153 37562.091999
< 52.5409903 83.8288021 -19.4252523 -46.7664948
> -68.30810670265 -143.18486155673 14409249.285938
< -58.8577968 -36.2401098 -58.4476749 -36.5956129
> -24.42453189164 -24.12091937803 50025.652330
< 7.9199262 -140.3525159 -56.9528219 53.6900171
> -170.08940177692 -18.21595248554 14427937.549068
< -31.2401330 -162.4247960 -31.5527272 -162.2946949
> 160.47578299085 160.40800571037 36887.221333
< 9.8526319 -175.8032304 -32.6938971 168.2095515
> -160.93322934510 -157.51491841460 5025792.161063
< -34.0445085 22.4821540 -34.1168491 22.7351873
> 109.11442161414 108.97263175730 24652.896307
< 12.0465521 103.9108288 4.0392490 -112.2624274
> 68.07786564140 114.56061997383 15634665.018132
< -40.1492128 -151.5138914 -39.8562508 -151.8626125
> -42.47102039350 -42.24685291606 44084.609765
< -72.1778133 167.9094845 -36.9764265 141.5821738
> -35.45372323506 -12.83968988632 4186365.859814
< -55.9403836 -12.5155081 -56.1899063 -12.2189834
> 146.56238972709 146.31637048409 33296.012112
< 13.3466969 51.0499625 31.5204660 133.8120917
> 60.22164896940 97.82756972352 8560495.938040
< -17.9328893 37.1183842 -17.9818524 36.7682342
> -98.41627776020 -98.30832294323 37436.295755
< 42.1255745 33.9826238 39.0208533 -105.8444950
> -30.08386425717 -151.41056300923 10122114.611082
< 4.4945406 -12.8973181 4.6997484 -13.2778034
> -61.56825427852 -61.59875004901 47949.345739
< -17.9207637 -5.5651364 -58.9753760 18.9728863
> 162.30999154513 145.87754137285 4979522.254608
< 28.0755693 -27.7734086 28.2091384 -27.6781262
> 32.14835689720 32.19329819780 17546.187952
< -34.8664786 -53.8034020 82.5188728 -59.3267989
> -0.80891532225 -5.10416796688 13056232.934977
< -7.9518388 -149.6925851 -8.2057407 -149.9938304
> -130.42847974931 -130.38614412388 43554.200092
< 59.5268686 81.4906576 48.5421138 175.1669510
> 57.76361831637 139.61573492876 5711254.926131
< 12.9609203 155.2843953 12.9930653 155.2112612
> -65.71380584071 -65.73022882063 8693.281750
< 63.6511329 145.1131608 64.0541823 -5.6913447
> -16.05979559654 -163.70200669336 5613768.589092
< 33.1557454 -33.4867292 33.6033171 -33.1084548
> 35.10882645879 35.31694851259 60913.874871
< -24.5768003 156.3103357 -39.1113250 -145.4877698
> 121.46911984771 88.48600833132 5630974.790241
< 26.4052716 -74.0529357 26.4227827 -73.9276096
> 81.10481209242 81.16056398469 12631.779404
< -66.7623280 88.2666096 -26.6175778 -24.3379836
> -120.82691051143 -22.26981670812 8225314.822072
< -18.0847222 87.1520605 -17.8626096 86.9606333
> -39.37406960083 -39.31499886535 31936.223912
< -52.4927864 -72.2399866 -10.2439105 -152.0792523
> -88.25957923754 -38.20220117025 8418955.428136
< -43.9139223 94.5829345 -43.7335407 95.0116974
> 59.90144557829 59.60455102252 39817.917044
< 73.5975047 135.4117664 -14.7640138 -121.9155503
> 82.06241748333 163.18831840893 11977971.332496
< -22.0935619 -13.2646596 -22.0702155 -13.2267930
> 56.36937807599 56.35514283255 4686.436170
< -16.2943125 126.9698237 -25.4438447 -13.2631095
> -136.42583434500 -47.11072090428 13684881.519254
< 50.6803144 110.5696861 50.4979732 110.3380291
> -141.02133133787 -141.20031294039 26048.824490
< 37.8314252 -176.3790929 -47.4799417 11.1107562
> -152.76214130804 -32.33485749277 18781094.865869
< 4.1100523 -120.3374149 3.7052861 -120.6038695
> -146.69542291675 -146.71358163262 53846.864649
< 32.6832749 -12.3308220 73.4515653 102.7928693
> 16.47278128489 123.07808782405 7275210.849401
< 73.4298758 -167.3554887 73.1464111 -167.7936195
> -155.82689347008 -156.24652039644 34492.727384
< -7.7751352 -58.2231675 -63.8280837 16.5656442
> 154.02406581865 100.29366663892 8489173.200156
< -54.3276201 -67.8185304 -54.5551106 -67.5466161
> 145.30749964692 145.08629112643 30806.476635
< -9.4137518 -86.2722087 -65.7811186 -25.3572928
> 157.53752617299 113.24188030607 7757370.211449
< 14.7717095 63.0815171 15.1430065 63.3592258
> 35.81615937257 35.88783652017 50937.266937
< -30.3481526 -131.1604453 31.1058301 104.2225673
> -74.14891249449 -75.82823947514 14778319.443935
< 1.0119176 119.1588450 1.0585895 118.9604790
> -76.75628715881 -76.75987116021 22656.113971
< -41.4926617 -173.8631849 16.6297855 142.9107619
> -44.11069864885 -32.96495853044 7842273.161575
< 54.3234769 -11.7047028 54.4724148 -11.3189454
> 56.29033828058 56.60399053157 29963.645798
< 38.9041103 36.9531946 -9.8543899 6.6274371
> -143.29468453020 -151.82969346205 6264272.005154
< -41.1793485 -114.1382233 -41.0139390 -113.6953215
> 63.78373766766 63.49260341245 41421.221846
< 5.4014228 -33.0675769 -17.2293575 -16.2389885
> 144.02477295659 142.24378710034 3122481.209933
< 37.2930863 -17.0942135 37.7064225 -17.4044391
> -30.67719735263 -30.86605119615 53491.740077
< -21.7271237 7.9194314 -10.1512371 126.3843832
> 111.30103289448 61.55314950643 12426242.171291
< 40.9349589 155.2773167 41.0361761 154.8548531
> -72.25273835905 -72.52981991947 37204.085167
< 8.5699870 17.9092977 -1.4225466 -79.2541808
> -90.34493673309 -98.45895122702 10818673.082335
< 24.7583227 148.1845842 24.4005344 148.3364073
> 158.86744594064 158.93059775240 42643.640905
< -14.9155519 5.3254737 52.3167195 165.7153858
> 18.40613337957 150.05802317896 15509112.347804
< 16.6849136 -109.7686574 17.0635518 -110.0556409
> -35.91192233602 -35.99522618516 52011.089988
< -13.4969470 118.1435888 -21.5681486 -82.4804720
> 149.70109928094 31.83761471831 15513077.710033
< 64.1353859 159.7693696 63.9710409 159.6726511
> -165.51686652294 -165.60383596847 18870.451153
< -25.8556142 -132.6547451 -29.9703732 172.8615794
> -108.07115504104 -80.95251851955 5323606.833031
< -57.2963968 -97.2892679 -57.5664016 -97.6676891
> -143.12627597718 -142.80736122537 37609.359962
< 3.0093810 87.4868550 42.5759997 47.2020717
> -36.38599133070 -53.56013977916 5935749.829065
< 39.4658133 -178.0682866 39.2697893 -177.6532334
> 121.28930621519 121.55257393831 41810.644578
< -59.4562334 -83.6557469 -1.9664590 -83.5692636
> 0.10249353889 0.05211751846 6392584.448141
< 5.2934812 -163.0306421 5.0558307 -162.6188322
> 120.07142919436 120.10857141386 52707.567555
< -45.3625139 145.9771327 -40.1039728 177.4139575
> 88.31129653163 66.66505085394 2615529.537233
< 20.4380826 52.8951305 20.1160739 52.4942493
> -130.50449926999 -130.64342987103 55049.238278
< 31.2607908 -116.5852637 -38.3748152 116.1695225
> -114.50300650102 -97.17396476700 15200124.487573
< 48.5589895 -162.4320392 48.9736785 -162.4007941
> 2.83139209670 2.85488943290 46168.204857
< -13.6051441 -141.4581949 -12.7248764 175.5062351
> -93.98509674272 -83.72231249039 4654550.965178
< -26.0059592 -132.7271950 -26.3252316 -133.0629784
> -136.72582643691 -136.57775612450 48819.624146
< -17.1672952 149.3870650 -57.7870501 -110.8880326
> 147.81926929972 72.66790913915 8959931.863520
< 61.4759028 178.8836006 61.9078341 178.6549530
> -13.99116906494 -14.19247420251 49518.725060
< -16.9332214 162.3015401 -1.7104001 73.2282190
> -91.36676130206 -73.09712400543 9853630.363951
< -21.9289408 -172.3167486 -22.0681071 -172.0933902
> 123.94241359134 123.85874724439 27744.490077
< 34.3241000 24.7929518 -4.1210366 13.7272542
> -162.61145828161 -165.67342929072 4429489.767573
< -6.6281684 12.3969326 -6.3284897 12.1273438
> -41.80718407642 -41.77676691159 44694.347396
< 10.8723576 155.8050739 44.1618743 -115.3954680
> 46.46917234752 97.02433751481 9072952.129254
< 67.9567432 122.4153354 67.6578697 122.2046377
> -164.99146365863 -165.18655330669 34391.275900
< -36.5329388 -160.8969383 73.0863174 -32.6549597
> 19.05458471290 115.62198634613 15075873.978131
< 48.1903757 -138.7552681 47.7529065 -138.4224672
> 152.88584363025 153.13305475927 54590.129668
< 36.0163506 176.9616917 21.7738525 9.0835870
> -13.16187491472 -168.56085723493 13463785.859173
< 32.1456664 -146.6896504 32.1820096 -146.7425785
> -50.93908577884 -50.96726163752 6415.033854
< -45.0176052 36.1386928 -20.7120246 2.2996176
> -60.09876358502 -40.92981199214 4106556.781923
< -14.6539650 -65.4738470 -14.7813692 -65.3829139
> 145.39348524268 145.37038310706 17214.401626
< 73.9456068 157.0144004 46.4166476 120.6813714
> -129.22210535516 -161.89474237122 3538195.805054
< -25.2400939 171.6185831 -25.4473152 171.2794444
> -124.13479730643 -123.98962929681 41139.463108
< 0.0924571 83.5975161 -18.5404067 52.2999115
> -122.95355749195 -117.74296401258 3996498.079637
< -25.7989871 168.0956383 -25.8413744 168.0757127
> -157.06851488942 -157.05983632988 5117.867965
< 3.6040689 134.9643110 76.6709127 10.2525791
> -10.95146448474 -124.67315001591 10452966.632097
< -6.7126080 42.4081333 -7.1002572 42.3410648
> -170.25810109079 -170.25003617096 43735.871438
< 44.0239081 99.8673381 -61.7989128 127.6135273
> 166.61198161477 159.37110009000 12027278.752194
< -13.4119552 173.2580533 -13.5320011 173.0012385
> -115.70195828860 -115.64212807472 30812.312823
< 5.5899956 138.1853354 -7.9212313 132.2901706
> -156.42507994056 -156.30421269938 1638498.149299
< 25.0069384 -49.8528403 24.8274823 -49.8480414
> 178.60971177545 178.61173359409 19960.502922
< -11.6524683 -45.8847591 17.6643038 135.0463381
> -8.40766038554 -171.35639099746 19339173.706999
< 9.7198881 -127.3687309 9.4678094 -127.4849017
> -155.55297071609 -155.57233213061 30788.076529
< 13.2595039 -129.7734505 -56.8142903 -64.5679984
> 150.18876137475 117.86467666361 9807033.059371
< -25.7242863 -169.3834277 -25.6893710 -169.0042438
> 84.24718532172 84.08270756340 38188.128998
< 3.9406113 85.4688219 41.0580395 121.5708709
> 35.91675547962 50.90587403679 5474819.327048
< 55.6995517 -21.0967451 55.8637431 -21.4380902
> -49.31644941491 -49.59870839879 28087.535767
< 49.4604322 -43.8342550 -2.8255418 140.5075254
> -5.95564434636 -176.12830972552 14813237.084412
< -25.2447865 -111.6320100 -24.9535557 -111.5430458
> 15.48203330374 15.44429577887 33599.663635
< -56.1320935 -169.9020898 -17.3049904 -177.3056232
> -11.21677463628 -6.51956560488 4362259.630899
< 41.6716415 -113.8825139 41.4683963 -113.9826169
> -159.73898912386 -159.80541106411 24085.311920
< 1.3425168 -24.3544241 14.9110228 57.5433432
> 75.12774192047 89.21181435136 9098613.240415
< -7.3298554 -145.0661678 -6.8986547 -144.8940746
> 21.61575426620 21.59444063848 51570.511856
< -56.3992435 -20.9937013 30.4738252 177.0400250
> -146.42308375639 -20.80069284422 16807760.276271
< -60.2253862 -176.5828032 -60.2434404 -176.6529106
> -117.44728960725 -117.38643190913 4359.843186
< 52.0750583 117.5352323 -19.6851406 -29.2456970
> -51.22893648229 -149.40665290606 15409131.529933
< 9.5386592 138.2992923 9.2704000 138.2019766
> -160.30016821350 -160.31607003121 31681.907709
< -55.3947144 50.8605718 -71.2416718 156.6164066
> 153.08401963116 53.07850578265 4796131.940345
< 2.7198151 26.6051794 2.3465699 26.3641911
> -147.17152769540 -147.18217900389 49387.853471
< -3.5800703 128.6515061 4.4795094 -77.5371605
> 87.12603174848 91.00093989832 17108699.793001
< 74.6118361 58.1217285 74.6373787 57.8538620
> -70.09027402071 -70.34855344844 8392.563802
< -23.7585396 143.9464990 -47.2404305 11.3693915
> -149.74397517341 -42.78555599830 10803567.373195
< 13.8822953 -52.2506378 14.1241304 -51.8816766
> 55.91551269907 56.00479305598 48039.033382
< 45.6498148 85.6787937 -36.3587615 -158.4446104
> 102.68496222323 122.13011104755 14681947.355032
< -7.7206564 -67.6475654 -7.9961382 -67.3133272
> 129.78392738781 129.73822831145 47893.566378
< -34.6010115 116.1963981 61.0784327 -136.8970113
> 35.84068177876 85.27444969874 14209877.355535
< 55.8075814 -37.0267237 55.5483374 -37.3089009
> -148.34502890998 -148.57807457278 33822.526621
< -67.6044738 -0.4474401 -13.3764407 126.5197823
> 128.98272121056 17.72340161220 10064909.741935
< 41.7609430 -159.4826963 41.6721269 -159.5824231
> -139.99895192103 -140.06531473039 12886.023260
< -40.1458356 -89.7461307 -28.2485140 69.8849531
> 161.07431619249 16.34665457483 12123923.359866
< -18.6378743 -139.9842331 -18.8894999 -140.0362747
> -168.92836278781 -168.91162275063 28510.977572
< 7.4508701 -91.6230758 23.5306994 -102.4494790
> -31.67677619518 -34.60511457141 2128756.844895
< 19.9752699 39.3689657 19.6834545 39.5949153
> 143.89278085700 143.96942782717 40143.518513
< -12.2121370 14.2326337 11.2763541 46.1282774
> 54.67385197293 54.40072846245 4384257.628297
< -6.6220107 -159.8455460 -6.3639833 -159.5218767
> 51.27689708206 51.24029579481 45846.923535
$ GeodSolve -e 6371008.8 0 -p 6
< -31.8639335 -142.8602277 197.784666 15497.227
> -31.99663304680 -142.91042243993 -162.18878663662
< -24.9134355 176.4089372 297.673804 294.235
> -24.91220652340 176.40635336999 -62.32510759062
< -28.4610251 159.4653697 69.636822 64068.864
> -28.25915573331 160.07863959353 69.34550922117
< -22.3522719 45.7112169 304.124122 3659.474
> -22.33380691534 45.68176344679 -55.86468123845
< -18.9773924 -40.3445341 302.566565 5599951.906
> 10.63400521836 -81.67053652850 -54.18257489992
< -80.2571997 -74.9009990 149.020576 3524.535
> -80.28436150689 -74.80432033011 148.92528781592
< 11.4097964 -24.8245138 29.187166 806.603
> 11.41612929926 -24.82090491123 29.18788012372
< -4.2817166 179.0899138 359.020395 2594.360
> -4.25838840216 179.08951380694 -0.97957521751
< -37.5066143 -31.3939237 156.932760 63266.498
> -38.02975475776 -31.11091240091 156.75942255305
< 10.2263505 48.3955869 82.392998 16788526.783
> -5.28205335756 -160.47651450210 101.58921421042
< 32.0273814 41.5555470 9.243389 33106.700
> 32.32123801438 41.61213991722 9.27352464852
< -16.6085818 -150.2602783 6.547509 28568.613
> -16.35333197042 -150.22974700343 6.53884735174
< -24.9613668 167.7624325 244.815739 18866167.347
> 20.24087995081 -2.27541764471 -60.97565561426
< -57.6170592 42.3826715 346.252904 5000947.473
> -13.28006112754 32.44512314035 -7.51404731486
< -19.7176670 -176.6172721 358.986694 16956.704
> -19.56519573316 -176.62013416477 -1.01234396560
< 8.2163580 -21.8423626 19.897425 1036.184
> 8.22512031170 -21.83915816618 19.89788319299
< -41.5030149 63.6577623 115.715864 748.203
> -41.50593427491 63.66585738762 115.71049955917
< -68.2565787 120.5461618 171.994307 1464.537
> -68.26962114552 120.55111623853 171.98970485050
< -31.0827606 -32.1759041 299.176963 42122.096
> -30.89751284354 -32.56135238027 -60.62457252948
< -0.1627524 -168.6058714 150.168498 1271.968
> -0.17267569941 -168.60018099880 150.16848134330
< -28.4652400 -62.9949348 145.066344 2337120.174
> -44.70085533887 -46.19994275653 134.90908867661
< 53.3123378 55.4304480 154.838724 3954.289
> 53.28014768667 55.45573587684 154.85899821358
< 59.3003524 26.0297439 287.821677 16545.557
> 59.34559734049 25.75190657877 -72.41727905227
< 16.5581218 113.3374216 121.871021 65473.219
> 16.24657901196 113.85826236631 122.01809791302
< -12.4528593 -1.2994416 16.035829 4293.048
> -12.41575310646 -1.28852112274 16.03347760186
< 52.9337818 -134.0521965 247.626986 4842.675
> 52.91718597954 -134.11898747990 -112.42630332922
< -4.0626638 -10.0140227 332.050318 2018.631
> -4.04662728157 -10.02255265309 -27.94907886524
< -76.8504130 135.5124904 198.219023 579.450
> -76.85536277076 135.50532600313 -161.77400038719
< 49.2368313 -107.3989986 329.484544 33064.312
> 49.49276725436 -107.63145005238 -30.69185728981
< -6.9333884 -151.5639066 218.925053 11291.647
> -7.01238527040 -151.62819043019 -141.06714296330
< -46.2593311 -49.4749142 297.922131 52298.629
> -46.03752144822 -50.07357308977 -61.64615128060
< -56.0697786 15.6163237 273.136201 1905.790
> -56.06883712279 15.58566515969 -86.83836119828
< 45.3122069 -35.9791327 184.490874 91575.540
> 44.49114189872 -36.06952565435 -175.57293533240
< -7.5905843 128.8238240 229.297297 3882.931
> -7.61335600228 128.79711558905 -130.69916973153
< 59.2604278 -7.6760331 63.486339 590.862
> 59.26279958217 -7.66672988141 63.49433520971
< -44.5383150 -2.0681176 60.734820 18081446.738
> 50.66637963945 153.64241345134 101.17986452185
< 17.2300268 -136.4569745 27.246358 12019928.170
> 45.65356368299 5.03948867327 141.27578667640
< -30.6050742 125.1252364 0.609300 19716095.159
> 33.29405899022 -54.90896302324 179.37259761874
< -63.4008911 146.7493531 110.034146 15649062.680
> 36.52727088779 -80.97811583365 31.56570338144
< 47.3116251 103.2657778 130.384640 2813351.341
> 28.47656720096 125.00255967975 144.01785314068
< 18.9155003 -132.0282910 102.731864 412.801
> 18.91468208903 -132.02446318344 102.73310485027
< 61.5277235 -108.9046341 144.917081 3969.475
> 61.49850406312 -108.86163580253 144.95487333618
< 60.7359495 -115.3167746 217.356962 3271.263
> 60.71256013557 -115.35326525856 -142.67486793985
< 2.7437776 91.6342373 57.047668 443.541
> 2.74594729725 91.63758828885 57.04782847405
< 9.6911784 -1.7132083 61.927581 2869.322
> 9.70332084574 -1.69010923806 61.93147185371
< -2.3921425 139.0774237 146.200108 13205277.369
> -45.05437951456 -84.57972956908 51.88561699276
< 11.4240182 142.8748758 193.401584 30967.657
> 11.15309613131 142.80908457525 -166.61129468912
< 3.4123509 -17.3217812 102.157658 50628.481
> 3.31635892696 -16.87593434647 102.18382281185
< -10.1875637 -175.2540075 297.360512 13865787.321
> 28.20213119193 60.69633229724 -97.30639002999
< -11.0466182 -40.0873474 331.187087 9163908.806
> 55.80567373010 -98.30493219965 -57.31719185223
< 11.9821669 -67.5947305 321.322982 25790.246
> 12.16319656011 -67.74300301883 -38.70802959925
< 33.7684446 -126.4582642 143.246625 1191.747
> 33.75985720115 -126.45055031498 143.25091218888
< 9.4158145 43.4416702 56.706973 3565.178
> 9.43341317209 43.46883770105 56.71142167221
< -53.7529276 -168.5703538 104.060348 1225133.669
> -54.99103604811 -149.71715205378 88.68835543032
< 51.3030391 72.7139627 258.996042 19052258.600
> -52.14200834998 -93.35155223367 -89.95588225935
< 6.8872477 69.7542894 77.420117 3618.533
> 6.89433434712 69.78628170234 77.42395534934
< -23.8136375 2.7336245 140.876467 17793159.523
> 7.86930715760 170.16072813784 35.64502760388
< 21.3633659 130.1746239 100.296115 1642.110
> 21.36072564395 130.19022567879 100.30179810317
< 20.6357415 -70.5608593 296.423133 2319325.037
> 28.52923361980 -91.84101345476 -72.53565211878
< -32.4092814 19.2691103 358.718107 71854.291
> -31.76324171106 19.25210774764 -1.27286117813
< 24.3881663 151.6426367 211.401721 16950149.711
> -46.53275902180 -7.84130040690 -43.61450096380
< -51.7831573 42.9288972 216.036330 30514.815
> -52.00477963932 42.66664032781 -143.75730739552
< -67.7511891 47.5012544 282.360705 85796.385
> -67.57399436995 45.52525186252 -75.81153983345
< -2.5812147 120.1512355 317.975216 8330.955
> -2.52555753025 120.10103007570 -42.02254733564
< 18.4620080 71.5427891 334.189883 52709.218
> 18.88861959191 71.32465891624 -25.87996390253
< -40.2203427 -164.4637750 72.305512 2595.640
> -40.21324411018 -164.43465319506 72.28670858819
< -59.0160068 101.3714494 302.000068 2335617.469
> -44.63270826263 76.08399063104 -37.84215620105
< -58.9830648 -98.5939409 3.782380 1371.104
> -58.97076103145 -98.59236291130 3.78102772727
< 23.2885246 -103.2687744 308.846281 73842.533
> 23.70404452276 -103.83363314498 -51.37892532165
< 15.3301263 -35.0541731 310.584855 1278408.878
> 22.58983995585 -44.49029549421 -52.49339857496
< -23.7318045 68.6636932 77.295191 3944.176
> -23.72399888702 68.70148952532 77.27998199876
< -2.4518779 -22.6025142 333.968139 18170811.446
> 17.29330038992 164.93701833730 -152.66268097100
< -10.4208126 90.1018103 94.885492 27964.228
> -10.44212963939 90.35660441606 94.83935906382
< -25.1953829 149.2213395 223.273454 662.008
> -25.19971757096 149.21682918826 -136.72462577715
< 23.7059522 156.3834257 232.378262 1268.002
> 23.69899073067 156.37356171115 -127.62570319800
< -79.7660531 25.2273130 41.041461 1018.674
> -79.75914170105 25.26114712740 41.00816551867
< 70.5253489 -73.2225308 238.213631 2836.256
> 70.51190138892 -73.28752096650 -121.84763847749
< 80.7938493 143.6696444 74.216947 16024674.800
> -50.73546999699 -99.36359368036 165.92136986990
< -68.4800270 -63.2097540 355.064210 98292.334
> -67.59921900972 -63.40932384718 -4.75069490949
< -42.4765205 91.9538906 242.353755 247.567
> -42.47755355286 91.95121654387 -117.64443922415
< -28.4376187 151.6054371 141.225103 3351.905
> -28.46111793582 151.62691065710 141.21487338420
< 11.6972636 -1.4807818 273.065955 1618.556
> 11.69804175305 -1.49562527140 -86.93705447195
< -67.5534416 -124.9505719 338.055911 1096.247
> -67.54429681915 -124.96021728756 -21.93517467879
< 20.7908906 -41.8704834 66.614900 11187.065
> 20.83079438601 -41.77168176636 66.65000263549
< 3.9565822 -172.3689543 337.836093 29687.247
> 4.20383157536 -172.46994720435 -22.17109295349
< -0.3058463 -165.1120879 358.289015 1531.164
> -0.29208236967 -165.11249905047 -1.71098285466
< 13.5729093 -53.7700205 282.133313 8948832.457
> 13.90555984982 -137.13563743586 -101.74872622021
< 27.6766755 -29.3691072 173.392349 574.510
> 27.67154313314 -29.36843588893 173.39266078500
< 71.3512093 9.7159000 7.049158 12001845.141
> 0.58198819079 -176.98944752683 177.75090569752
< 18.7823747 -42.1903715 65.865995 1156.776
> 18.78662797944 -42.18034344732 65.86922412936
< -25.3965581 -23.3472757 334.190985 63440.107
> -24.88268554184 -23.62108285764 -25.69269337255
< 42.3400901 57.3697873 11.567688 11936529.627
> 29.36568867728 -135.31717612115 170.20790449375
< -44.0866757 25.4127096 317.912291 4266.805
> -44.05819331445 25.37691993402 -42.06281488037
< 11.0317967 175.5905185 193.929430 716.308
> 11.02554422952 175.58893860054 -166.07087223504
< -17.9156566 157.9504692 195.774581 3545.945
> -17.94634479665 157.94135658944 -164.22261348730
< -28.2749401 -159.3801178 273.706022 86594.704
> -28.22177112984 -160.26210738814 -85.87653083819
< 3.3880778 91.2873315 0.955541 312.221
> 3.39088527656 91.28737840770 0.95554377333
< 3.3665542 127.2790868 288.275863 4223.956
> 3.37846593573 127.24295325299 -71.72626264348
< 35.2967259 -168.3169351 72.700625 994.191
> 35.29938417413 -168.30647553498 72.70666884963
< 56.7662879 152.2274988 187.126464 1059.122
> 56.75683656389 152.22534325210 -172.87533889334
< 2.8722758 -156.6653419 183.823872 2616.414
> 2.84879823811 -156.66691304473 -176.17620640806
< 5.6573706 68.3238997 347.391316 322.285
> 5.66019907618 68.32326391056 -12.60874669134
< 1.9620063 4.9175200 230.815905 11706989.425
> -38.18019690992 -103.05662345736 -80.22801511349
< -59.2265259 163.8733390 278.748085 76766.408
> -59.11472748419 162.54397655599 -80.11038109303
< 10.7032928 166.9028022 162.879911 9140095.599
> -64.84513325218 -149.77263405705 137.11796624616
< 73.9991701 179.3816050 94.134470 2900.784
> 73.99726866751 179.47598675420 94.22519475815
< 10.0288218 26.5110363 109.452276 2991.405
> 10.01986175608 26.53679590723 109.45675988609
< -21.5589987 -71.9440157 96.867491 20908.150
> -21.58136204376 -71.74325970015 96.79368487704
< 46.1176842 -120.3022528 300.393240 17945275.654
> -34.82813332004 79.29557437370 -133.24785798205
< -40.3167718 -145.5020419 315.442505 4974.223
> -40.28488930128 -145.54318639009 -44.53088270776
< 21.5448793 -115.7354730 87.047061 37288.643
> 21.56176822607 -115.37537462919 87.17934963071
< -6.7236902 83.5815903 66.493381 1453.224
> -6.71847736059 83.59365775131 66.49196867138
< -10.7908372 -38.7185481 350.946545 819.674
> -10.78355753693 -38.71972889985 -9.05323399935
< -18.2798080 -54.2042232 206.212202 56.648
> -18.28026505753 -54.20446018075 -153.78772366823
< -1.1544233 157.2633744 161.596145 2163.864
> -1.17288807322 157.26951948200 161.59602020428
< 2.8627920 90.4410277 265.586308 10044.675
> 2.85583661771 90.35084979142 -94.41819041205
< 31.0606909 138.0479722 322.853427 66951.408
> 31.53992529746 137.62136966375 -37.36820581658
< 27.1654072 107.3313186 255.891826 1703.682
> 27.16167152953 107.31461740612 -104.11579862694
< -7.4595899 78.2832913 102.480287 57584.378
> -7.57120944656 78.79336904904 102.41357210808
< -19.2432816 -167.2061835 221.098387 4389.068
> -19.27302476833 -167.23367092700 -138.89254695932
< 33.4180646 -96.6948128 304.000236 8792816.463
> 34.24009254508 163.25888250413 -123.17060092961
< -48.7775822 131.6203950 317.623009 69912.780
> -48.31134751105 130.98321907707 -41.89944082531
< 29.9110147 -109.0426644 329.680190 10825171.726
> 42.70852925998 113.90756674255 -143.45150123569
< 71.7993269 -5.6886709 266.982495 13584.897
> 71.79250074003 -6.07913206858 -93.38842363970
< -17.7180961 2.9971455 287.017719 17997438.614
> 22.08742616393 -158.25654659255 -100.58055934714
< -7.4836845 33.1203397 165.422749 3471.238
> -7.51389706071 33.12826474330 165.42171474006
< 21.8804931 25.9573924 55.732748 204.133
> 21.88152675151 25.95902733689 55.73335730867
< 39.3605756 121.8467808 12.848882 2871.777
> 39.38575514379 121.85421172914 12.85359594773
< -51.0576866 85.1555165 221.050509 10709002.325
> -22.68530719831 -49.81419085244 -26.57615904837
< -40.6841780 -178.0449382 180.401560 967.962
> -40.69288286556 -178.04501866452 -179.59838754143
< -20.2475695 -84.5071455 237.649353 13173.363
> -20.31093082094 -84.61386372810 -122.31365887720
< 23.4895371 41.9945452 20.384874 19567190.310
> -19.70663772647 -139.49483430498 160.16368250264
< 34.0068115 -155.2140600 25.233222 5065.692
> 34.04801904820 -155.19062073640 25.24633836731
< 44.5030181 50.1758848 253.382894 84534.995
> 44.28108014367 49.15830710116 -107.32897780508
< -8.2764398 114.7506828 226.979313 4589.462
> -8.30459831705 114.72018732898 -133.01628978282
< 3.7747378 153.1950372 88.922634 44127.835
> 3.78210886949 153.59268369147 88.94883826886
< 16.2730734 -82.7550810 103.094147 11272670.378
> -15.57385519745 14.82879522481 103.92447224740
< 58.5861432 112.1861899 249.090887 787.633
> 58.58361462403 112.17349571756 -110.91994638372
< -12.6636625 15.7599551 194.665455 3253.866
> -12.69197171052 15.75236096991 -165.33287832764
< -59.0259582 -69.7554587 2.560885 1879797.972
> -42.13209848420 -68.75158045583 1.77687545493
< -28.0852808 -109.1643921 97.147375 11665.472
> -28.09828342966 -109.04638968332 97.09180937464
< 55.3215371 -177.7228821 216.397997 59871.974
> 54.88686678674 -178.27835869756 -144.05760592559
< 26.5055620 162.4310688 59.376511 3740.846
> 26.52269548908 162.46342418334 59.39095504166
< 31.9481391 -59.8323403 339.190592 21092.492
> 32.12542945300 -59.91191290733 -20.85161842774
< -20.7694460 39.4599728 161.731572 8594612.601
> -70.75946542866 151.34245959344 62.80185612390
< -20.1297840 148.9038473 98.097032 75591.734
> -20.22408348649 149.62110434578 97.84963251808
< -43.8476152 75.4860511 181.303888 19376715.857
> 38.10772696280 -104.34819370216 -1.19505502022
< -1.2728415 167.3629344 108.848432 10909578.964
> -18.45862262643 -93.64971416002 85.91522639408
< -79.0355695 -42.1042429 115.114106 4436.300
> -79.05244361395 -41.91402181484 114.92735198140
< 14.7036338 -36.4087007 139.559887 46878.651
> 14.38259902194 -36.12638893594 139.63077829246
< -19.4098162 -105.4678898 68.822618 11449687.191
> 23.99244323610 -9.51918786473 74.28983579798
< 40.4430664 -167.7782638 45.629285 2466.547
> 40.45857647043 -167.75742401544 45.64280575097
< -63.7563332 82.9108797 143.299156 37276.189
> -64.02439352167 83.36830781928 142.88840524124
< -71.0749838 85.7029674 258.601123 690.775
> -71.07621063948 85.68418987381 -101.38111444953
< 58.7867535 -19.9327034 53.316101 1811.416
> 58.79648294287 -19.90748717817 53.33766814394
< 14.2778340 4.9830821 13.973839 13431031.511
> 42.97318065230 168.51246447408 161.34661840603
< 21.5442598 -79.2087070 97.280648 97867.892
> 21.43009961386 -78.27081039778 97.62419980158
< -41.7889034 119.3186579 200.056629 10920.211
> -41.88114632476 119.27342113346 -159.91319860645
< 57.4312021 115.2942604 321.521383 5185436.985
> 62.25615005073 11.62930452966 -133.98527794755
< 53.9579524 -21.9949047 139.344195 87417.685
> 53.35844442486 -21.13667051019 140.03551333519
< -61.7126852 39.7973438 37.192307 2030279.672
> -45.88710613963 55.58580541569 24.30182045312
< -0.5144330 36.3442709 280.221763 72878.040
> -0.39809526707 35.69925115991 -79.77310050435
< 2.4672219 -18.7973967 62.638492 17023798.000
> 9.75113958554 137.14029524594 115.80140456204
< 43.6081439 135.0137524 233.724206 13730799.782
> -47.54748041829 39.98979378884 -120.13830077597
< 45.9765432 71.3907056 94.014348 66567.428
> 45.93141681650 72.24934097808 94.63152495756
< -3.6147267 8.6071345 305.041051 9230983.760
> 34.13214216534 -70.43956860991 -80.80617140671
< -17.7971657 -100.7193216 306.058195 59838.601
> -17.47988626936 -101.17542502617 -53.80359956491
< -25.0095893 -30.1340644 321.186427 71247.660
> -24.50967782964 -30.57544350062 -38.62871543585
< 35.5168930 89.7113571 172.427059 4439.217
> 35.47731825614 89.71781793817 172.43081056233
< 16.9450585 33.1913446 143.198352 96228.987
> 16.25141240302 33.73132776615 143.35260684683
< -15.4742646 159.5749546 259.229738 392.518
> -15.47492422612 159.57135634226 -100.76930194502
< 29.6667679 -148.9796081 158.541694 18412352.870
> -42.89668056221 23.87981420082 25.71565939004
< 12.6228979 -5.4872091 301.073457 627.308
> 12.62580964341 -5.49216082828 -58.92762524002
< 67.3543184 -12.8766132 335.338247 3984.574
> 67.38687926478 -12.91549977377 -24.69764581070
< -33.2073093 178.4255163 111.449739 2194.498
> -33.21452437148 178.44747195053 111.43771339287
< 57.8618136 106.7130998 324.038997 2997.082
> 57.88362662895 106.68332790826 -35.98621588726
< 22.6961532 152.2061502 358.946426 796119.920
> 29.85453754261 152.05475392901 -1.12072593037
< -41.3080572 -144.8506467 25.183200 12525256.451
> 61.82462139107 -88.57406238027 42.60527548559
< 28.6361366 116.1565303 63.699317 460.410
> 28.63797114183 116.16075962723 63.70134394551
< -28.2132265 138.5592891 168.592971 87193.649
> -28.98177298278 138.73657234839 168.50811178408
< -44.5606746 142.9985058 235.676593 11905411.520
> -10.26041964961 16.35128334810 -36.72682312439
< -62.2113943 -178.3444882 129.934962 15828323.960
> 31.17181098568 -31.53615301717 24.69580243121
< 24.2362278 53.0491124 159.059658 18597192.736
> -36.04020646411 -132.54949548709 23.76799053862
< 19.8744903 -5.9406600 176.519725 17231805.600
> -44.84602051212 171.98326959649 4.61847675326
< 7.6206898 6.5945977 358.687745 57970.016
> 8.14188905950 6.58253709130 -1.31390878077
< 12.2117072 -3.5578732 151.192812 8368123.206
> -50.74958798293 43.87704904737 131.89643296956
< -15.2182031 135.9103986 210.912516 4870815.363
> -49.68440198908 102.56961028057 -129.98827672757
< -49.8654843 131.2588579 27.692759 13467781.366
> 62.09641692590 -170.51360043068 39.79935810243
< -2.2555542 -127.9082678 356.563428 4600698.138
> 39.03180431684 -130.83200043539 -4.42234315903
< 29.8203573 -119.0155841 107.462594 332.910
> 29.81945883220 -119.01229230930 107.46423092669
< 34.5331969 22.6698072 152.943328 4051.182
> 34.50074949393 22.68991641686 152.95472289530
< 75.8323983 127.9980861 25.339685 2605.963
> 75.85357591352 128.03912612468 25.37947860392
< -6.4061369 46.1793908 269.082136 48282.087
> -6.41290779738 45.74250211540 -90.86909209526
< 73.5505203 -81.8149141 116.004098 22144.575
> 73.46226371846 -81.18609116027 116.60704643163
< -45.6053342 -47.4123185 8.506472 26024.261
> -45.37385674940 -47.36303639599 8.47132771763
< -44.1707471 48.4438417 168.628415 52708.583
> -44.63538583839 48.57518362610 168.53651407103
< 33.3694115 7.8625164 355.981013 133.676
> 33.37061071915 7.86241550922 -4.01904249434
< -61.0370280 -26.5710805 45.118519 16804.430
> -60.93020716655 -26.35068838778 44.92579013439
< 36.1691951 123.7970597 234.359337 4190668.217
> 10.33799101802 93.46311342411 -138.17247008441
< -13.6623218 164.4484792 108.042984 37909.308
> -13.76769342172 164.78222910087 107.96385411764
< -8.5205206 167.5439961 93.818396 1511.826
> -8.52142578556 167.55771351056 93.81636347163
< -12.4822759 80.2788599 205.016518 31615.121
> -12.73989564100 80.15559197201 -154.95656858135
< 50.0942767 3.2210423 228.552279 94781.046
> 49.52585348980 2.23673022770 -132.19966320051
< -16.3248866 171.6320517 104.720668 14650195.834
> 0.30066314654 -54.55089337605 68.15526274842
< 21.9797309 -5.1550010 230.309177 11917105.141
> -42.55761421873 -98.69038436445 -104.36380553945
< 65.5018478 -170.7563198 117.894410 1852.958
> 65.49404748844 -170.72081282993 117.92671944040
< -47.8381327 38.3198791 289.347810 1098.641
> -47.83485850040 38.30599152301 -70.64189607919
< -13.3211873 -128.5288775 48.519872 1000.004
> -13.31523044181 -128.52195376946 48.51827705631
< 12.3247255 86.7650453 182.249454 936.816
> 12.31630701493 86.76470682719 -177.75061822341
< 49.9787190 -27.5799374 35.901286 12969.477
> 50.07314968007 -27.47337157746 35.98295119071
< 38.4740165 -46.5235788 10.180565 69380.976
> 39.08806446571 -46.38149417224 10.26956042798
< -0.1520192 -75.9452275 247.674173 17100383.639
> -9.52112355285 128.53014230637 -69.71107213719
< 15.2609920 -11.1375336 270.068213 22324.631
> 15.26113505163 -11.34564214165 -89.98656486718
< 68.0723482 23.3022545 85.711061 78426.179
> 68.11434841403 25.18938167810 87.46194643370
< 1.2618556 27.8500757 239.312879 8538517.648
> -29.45165908269 -46.19009757367 -99.12189738890
< -2.8952134 50.4669392 116.292196 3933.977
> -2.91088407560 50.49869915723 116.29058748253
< -1.1669565 96.0637898 141.820166 4731.741
> -1.20040660528 96.09009924896 141.81962250803
< -13.8168864 89.7793273 157.814912 27503.543
> -14.04590129969 89.87560295081 157.79173263374
< 16.0626818 -179.0533812 204.752599 9897442.444
> -60.19917620748 123.55710689521 -125.94422165860
< -8.2781363 170.4965031 246.108972 3668.434
> -8.29149643636 170.46602024809 -113.88663560480
< 34.1463006 1.4422439 243.259756 18958735.437
> -37.95710127920 -167.78324624886 -69.61645958054
< -0.8722356 -29.7451568 240.017123 1957.182
> -0.88103168129 -29.76040443633 -119.98264371808
< -52.9955739 -18.7086220 17.711435 96840.118
> -52.16515648315 -18.27669083228 17.36838288129
< -4.7219332 -176.8483976 275.934733 10510908.280
> 6.27036536382 89.10350839042 -85.73466171968
< -37.0044438 63.2713463 50.894876 10574588.672
> 33.72516944423 131.59921016927 48.16661482446
< 64.1082969 -178.7335766 211.321157 1925.132
> 64.09350543222 -178.75417598934 -148.69737348263
< -19.7659134 -161.3782897 107.524222 5874164.176
> -25.47557449019 -104.06062629287 83.75191292618
< 86.6167997 20.2769971 85.725185 4798.050
> 86.61974253445 21.00680039789 86.45371751822
< 9.7011114 -103.7874794 104.831135 80067.203
> 9.51607879329 -103.08169658239 104.94894351010
< -35.1024504 -160.4642067 79.031800 4321139.539
> -20.49352896901 -119.34803468248 59.03109514451
< -68.8598765 -165.7305240 272.745135 1603.790
> -68.85918104065 -165.77046911407 -87.21760823121
< -18.2371049 29.9023850 320.872703 68019.501
> -17.76214717273 29.49704832430 -39.00204204647
< -28.5512991 -113.0195345 183.433563 1343.221
> -28.56335727313 -113.02035823382 -176.56604322406
< 44.0642794 -56.2581725 15.226677 4420.660
> 44.10263871597 -56.24363203175 15.23679288358
< 16.8137831 100.8390726 228.737266 3606.716
> 16.79238961811 100.81360472565 -131.27009633905
< 5.3476278 156.2470216 336.883864 702.767
> 5.35344048485 156.24452947221 -23.11636838785
< 28.9471998 54.1533618 242.861782 4449.962
> 28.92893928048 54.11267075764 -117.15790693015
< 31.9691925 77.3077302 191.253420 2006.677
> 31.95149294533 77.30357962844 -168.74877703104
< -21.3255999 124.4792127 306.756718 19313.567
> -21.22159425442 124.32993134253 -53.18911941251
< 13.0979543 -66.3754894 135.030775 41394.724
> 12.83443800111 -66.10565468284 135.09131974082
< 0.7173031 160.6184335 179.048701 12789.164
> 0.60230339620 160.62034315425 179.04872299061
< 1.8743174 137.0475705 72.953946 2306.184
> 1.88039701187 137.06741004685 72.95459594757
< -57.4067629 63.2602243 45.340684 10391439.478
> 25.38345024042 115.06210283750 25.09365559396
< -15.7556488 133.1853096 106.381183 3561890.671
> -21.97243494188 166.46534517485 95.32597965576
< 18.3206051 153.0249120 243.816363 1259.210
> 18.31560794481 153.01420742623 -116.18700136701
< -35.2910256 -96.8160069 293.750222 89038.022
> -34.96523255869 -97.71036752525 -65.73514770094
< -45.5619135 -115.7903327 322.274663 1417.710
> -45.55182850137 -115.80147318756 -37.71738329553
< -12.5543782 126.3524149 76.059082 16902013.285
> 17.59689359907 -82.19981614529 96.36078580406
< -14.4107038 -124.4461854 292.872846 36742.220
> -14.28206262341 -124.76034335599 -67.04931064505
< -64.5809989 117.0915765 17.558705 7098.365
> -64.52012933710 117.13634360001 17.51828187558
< 9.0299158 57.5703403 153.013590 9348.325
> 8.95499657932 57.60896088300 153.01962656935
< -39.5657616 142.6067758 78.939572 9675468.671
> 6.57501766734 -136.78998840370 49.60404513741
< 13.1550861 -35.9633990 359.915824 81755.578
> 13.89032986553 -35.96451169173 -0.08443618687
< -39.5519044 138.4288479 280.550826 864.277
> -39.55048075296 138.41893794740 -79.44286366527
< -58.1523560 -130.6138139 111.684461 50322.654
> -58.31707761127 -129.81310898660 111.00368843532
< 3.4908419 -63.7844041 158.361395 785.517
> 3.48427541673 -63.78179430330 158.36155375863
< -39.1201682 -102.8560486 307.215583 18711995.588
> 45.48809242698 90.48394582902 -118.20080601920
< 73.4955869 85.8703962 7.539181 92876.604
> 74.32325220715 86.27595662737 7.92886377841
< -60.0190487 106.6219006 307.028551 18921077.299
> 64.80641498690 -54.68656013297 -110.41637584720
< 62.7763315 -175.8902160 149.678607 6547664.603
> 6.97568427500 -150.07698638645 166.54546860645
< -12.4679029 -151.7560104 228.228383 792.617
> -12.47265136666 -151.76145512963 -131.77044130254
< -19.3133577 121.9989209 51.437984 19066996.180
> 24.47540667065 -65.31948537346 125.82703366152
< -43.8535365 -33.4692556 218.344109 3871.948
> -43.88084283056 -33.49922646974 -141.63512151335
< -76.1916998 96.0499304 83.983843 3504418.979
> -54.56571101125 159.77268663630 24.16739092171
< -65.7035568 111.8690660 276.265896 74358.639
> -65.62205635433 110.25842081605 -82.26657048527
< 20.6483312 19.6930436 64.558383 2183.256
> 20.65676495896 19.71199217868 64.56506616368
< -22.4922605 -87.5168838 106.769858 82351.132
> -22.70411945672 -86.74821454580 106.47448013840
< -53.1705531 -17.1494424 4.730875 23332.739
> -52.96142844981 -17.12071120384 4.70790930844
< -28.6375119 167.1208026 122.069538 67777.274
> -28.95986357368 167.71114086924 121.78514916096
< -41.5196434 119.7238611 77.823603 2653.142
> -41.51460654362 119.75500943281 77.80295651817
< 14.3352785 -2.2541298 203.843054 11508598.090
> -66.85183552729 -93.12204401575 -94.94619011091
< 71.9335277 -3.6755392 18.165956 79884.516
> 72.61474287311 -2.92592249464 18.87999756558
< -12.4314262 -100.0480545 282.639618 9020601.579
> 10.24825423870 -178.48678900841 -75.54338727328
< 2.7606798 -157.8011643 318.286981 5633839.720
> 37.39030407584 161.82510638756 -56.77418853113
< -61.3596906 127.2956310 72.440458 571.235
> -61.35814033033 127.30584906576 72.43149022188
< 79.5142263 122.3478205 208.915688 4392527.524
> 41.09972506983 98.25843717169 -173.29405267181
< 33.1311744 -111.3283942 53.247515 24193.891
> 33.26119222375 -111.11990823230 53.36166278893
< 22.9618067 168.4661502 324.405427 1853.293
> 22.97535925488 168.45561335805 -35.59868475319
< -32.7743019 -64.7385225 267.634674 2914.465
> -32.77537977526 -64.76966910786 -92.34846512439
< -47.7769974 3.5539347 264.287653 6442626.999
> -26.72894987192 -67.21069810204 -48.47631614751
< 13.5222687 -120.0542300 135.510449 41818.527
> 13.25383493578 -119.78346806838 135.57314286486
< -67.6444706 9.0203586 45.798758 14425802.279
> 52.66540460902 74.39374358975 26.71853428246
< 9.4748881 -172.8197916 209.262120 56993.777
> 9.02764758451 -173.07347214000 -150.77866317681
< -76.3866965 80.3353615 48.216738 11390426.134
> 21.25104920832 131.71525517274 10.85428093530
< -55.3200695 -60.6609486 153.636293 993779.406
> -63.06995922851 -51.89940785596 146.08982415553
< 17.8563432 -155.6018608 345.772882 860311.244
> 25.34387666206 -157.69992053404 -15.00119546496
< 35.4213473 89.4718086 162.647353 3927001.742
> 1.33360664885 99.40287929831 165.92953689632
< 37.1940624 -31.5714142 13.445736 63366.167
> 37.74818993717 -31.40383615760 13.54768527479
< 54.1367691 74.6302181 334.403663 11055084.414
> 22.86623821469 -77.81792298211 -164.05637264953
< 1.5512922 -151.0707970 56.433426 3644.484
> 1.56941382635 -151.04347669282 56.43416993011
< -3.4972500 -41.0573124 273.660079 48.301
> -3.49722227034 -41.05774670352 -86.33989450732
< 26.5775734 -172.9159877 298.281239 3198.470
> 26.59119921078 -172.94431502733 -61.73143791566
< -23.1449903 155.7538533 212.830588 867.062
> -23.15154243422 155.74925547067 -147.16760453884
< 11.7077464 -75.3588000 214.885006 395.053
> 11.70483203160 -75.36087510303 -145.11541502757
< 30.5410379 61.4421580 253.526861 30023.094
> 30.46412941215 61.14176691053 -106.62561096656
< -52.4577839 47.7103361 43.889790 1810771.770
> -39.63947146065 62.33250536383 33.26930203993
< 49.8969338 54.5176293 253.578420 16531167.422
> -48.42070944186 -76.75603711278 -111.40310965786
< 23.6897526 -169.9822074 133.698395 1354.305
> 23.68133791942 -169.97259208414 133.70225763353
< -5.8836001 -78.5241174 80.146969 88437.182
> -5.74695362820 -77.73655712270 80.06717086369
< 58.7009508 146.7782562 85.034770 19874657.624
> -58.56898102969 -35.63546461259 97.02631433912
