# ERFA 2.0.1 via pyerfa 2.0.1.5. Each line: ra hours, dec, latitude, longitude, instant => gmst82 hours, azimuth, altitude (degrees). UT1 taken as the UTC given.
8.889885 -14.433792 -37.862361 -164.239755 2015-06-05T19:18:49Z => 12.240161071410 116.3579406920 -9.0800594090
5.938584 86.616707 -35.535322 51.072637 2009-04-24T06:02:17Z => 20.198219918702 4.1545295313 -35.7609478450
11.69765 -12.652889 8.409662 143.042126 2031-03-30T19:57:25Z => 8.490913368520 258.1255831069 -6.6134903287
2.149575 -32.11593 -73.743354 -83.963714 2027-05-27T18:13:28Z => 10.562785696204 308.5218097328 43.3086820826
11.383753 55.317357 26.872323 58.666389 2027-09-28T12:57:59Z => 13.438352336457 322.1109018446 22.1015418066
23.798458 -60.90594 13.906368 -44.206152 2006-08-12T02:30:33Z => 23.869782271235 160.3965771381 7.7248556554
1.393302 -32.083974 -55.882615 145.221112 2044-12-20T08:18:25Z => 14.278079068721 41.2113296079 61.8699713318
21.632999 9.385315 -45.702568 -156.825541 2035-03-03T09:51:02Z => 20.584742993684 167.6903789063 -53.1236523372
11.728004 -37.755415 63.13689 28.426243 2002-07-20T04:38:26Z => 0.493627170667 62.4756844705 -55.1098386068
14.024793 -6.29953 6.582868 127.814246 2049-08-08T22:31:09Z => 19.710237110066 91.4292878308 -57.1177740139
3.239418 31.910277 -53.587761 68.465253 2028-12-30T06:27:19Z => 13.070223986656 115.6727263140 -56.4516213110
8.568732 16.727065 -0.615149 44.634858 2047-10-12T22:03:26Z => 23.484284383482 73.2835115604 -1.7398173982
3.603837 3.292904 1.122017 -154.2885 2021-01-05T01:11:15Z => 8.178174468037 86.7829460285 4.3832064839
21.913558 5.156231 -18.155387 146.845509 2034-07-12T22:10:07Z => 17.560425235375 277.5749954745 6.3779295521
8.237551 -27.795386 -8.812202 -44.306621 2020-02-14T19:54:12Z => 5.523847207644 116.9999705466 8.4787260547
21.395225 -40.503765 -11.974253 -120.174605 2048-01-01T17:01:08Z => 23.754652385975 129.3565738775 11.6764148369
20.450613 -71.574112 71.111089 -122.156831 2045-02-16T05:09:42Z => 14.935359653215 254.9159246210 -82.0820718574
0.317223 31.910664 -18.443428 -118.743473 2007-12-05T04:52:27Z => 9.781973199519 335.8946597749 34.9435567697
21.723183 -46.213492 7.353723 -33.424215 2029-08-23T01:52:31Z => 23.985203020696 180.4352568452 36.4308785133
14.124209 -24.993245 -54.074106 -149.307885 2005-06-14T21:04:47Z => 14.630216735666 145.7281810792 -4.3185950589
18.342721 3.128074 -43.843205 157.1263 2007-04-01T15:41:04Z => 4.325812048789 60.3671088829 23.2240274139
16.996256 73.769109 -60.933001 -173.900813 2033-03-23T06:04:22Z => 18.142646315556 24.5420540718 -74.5664345521
8.179024 18.446232 -49.332329 -72.212048 2009-07-21T10:19:11Z => 6.274073972038 85.6099253955 -20.8359149361
23.15909 -83.783401 42.171877 -104.370501 2022-02-22T17:13:15Z => 3.393563231594 174.8877645132 -37.3516308566
0.794915 68.485633 31.24883 176.565554 2042-01-02T02:04:50Z => 8.870902377123 24.6697447549 38.9306690663
4.127346 -18.962858 -7.928456 -136.457547 2039-06-21T04:11:11Z => 22.135203344696 238.9501542486 -37.0024916191
14.529643 -0.319936 -3.073933 -124.372988 2013-08-22T10:43:45Z => 8.789407533093 264.1694134472 -59.3485068372
2.603038 26.226618 17.207311 78.964685 2008-04-20T20:58:14Z => 10.924678502016 28.5531366923 -40.7954948806
17.412581 25.529694 -3.290802 -38.248947 2035-01-04T12:50:09Z => 19.767024347967 5.4705402159 61.0396216249
10.92807 -63.915633 -64.441659 -139.897638 2024-07-20T22:21:17Z => 18.300444190697 100.9394478064 77.3354203832
17.403384 24.622779 12.887455 -171.857729 2014-05-16T19:00:36Z => 10.637436210762 293.4845384647 8.3177620472
19.902359 3.196369 73.197705 89.628039 2024-10-10T16:59:19Z => 18.307846788676 247.4947046694 9.9100390519
12.061982 24.226293 -36.773082 -97.40362 2040-11-04T02:36:26Z => 5.538045200168 230.4871557981 -71.8703165333
9.218664 2.268843 -37.419718 -75.759094 2035-10-11T08:37:50Z => 9.948983877996 72.2211952735 18.2872677969
21.81243 29.11604 58.777413 173.423149 2020-03-05T02:48:12Z => 13.691225453872 252.8131636753 44.2160769179
15.176176 -57.220164 -9.266898 87.921707 2015-03-22T07:15:05Z => 19.216676721377 197.3601581618 -18.6845322778
12.39058 14.490786 66.078834 101.978426 2021-10-31T05:30:35Z => 8.159468138115 225.5668702541 32.4061491997
15.6332 -51.389223 -1.694875 -43.705319 2020-02-17T19:41:05Z => 5.501767034350 191.9191290517 -35.2706338009
20.32933 -22.087232 -24.772062 40.692038 2039-10-22T11:51:15Z => 13.906283270919 99.0870429721 39.2154364523
12.567769 22.412173 -16.763894 63.366734 2046-07-27T08:06:43Z => 4.457083011603 57.2853549570 20.8088728759
6.0 49.0 49.0 0.0 2026-03-20T06:00:00Z => 17.852517692190 358.5345177493 8.0185608875
2.5303 89.2641 0.0 0.0 2026-01-01T00:00:00Z => 6.710723902467 359.3460215640 0.3374403062
12.0 -60.0 49.28 -123.12 2026-09-29T19:21:00Z => 19.921064965244 177.7208878924 -19.3358460915
5.0 -30.0 -89.9999 0.0 2026-06-21T12:00:00Z => 5.979958854055 345.3006025390 30.0000967270
